0 0.140242 0.004624 0.402303 0.004624 0.402303 0.071703 0.140242 0.071703
0 0.017167 0.331285 0.079364 0.331285 0.079364 0.542738 0.017167 0.542738
0 0.725242 0.752721 0.983333 0.752721 0.983333 0.822721 0.725242 0.822721
0 0.406273 0.860634 0.622015 0.860634 0.622015 0.932104 0.406273 0.932104
0 0.153485 0.729399 0.217015 0.729399 0.217015 0.991886 0.153485 0.991886
0 0.619631 0.122320 0.664240 0.037869 0.710596 0.067597 0.665988 0.152048
2 0.450000 0.720651 0.587727 0.720651 0.587727 0.799399 0.450000 0.799399
0 0.449148 0.364883 0.509561 0.394659 0.491489 0.439173 0.431076 0.409397
2 0.292455 0.078998 0.436712 0.078998 0.436712 0.151903 0.292455 0.151903
0 0.085985 0.288982 0.150833 0.288982 0.150833 0.566060 0.085985 0.566060
