2 0.050636 0.245233 0.136036 0.245233 0.136036 0.377945 0.050636 0.377945
0 0.079576 0.122746 0.352300 0.122746 0.352300 0.191364 0.079576 0.191364
0 0.523100 0.255440 0.644307 0.255440 0.644307 0.315233 0.523100 0.315233
0 0.614013 0.554404 0.861941 0.554404 0.861941 0.701693 0.614013 0.701693
0 0.553393 0.719188 0.974894 0.719188 0.974894 0.793558 0.553393 0.793558
0 0.226545 0.694790 0.233015 0.975087 0.180861 0.976436 0.174391 0.696140
0 0.029984 0.681261 0.091958 0.681261 0.091958 0.961261 0.029984 0.961261
1 0.306835 0.819810 0.648434 0.819810 0.648434 0.902936 0.306835 0.902936
4 0.368825 0.008998 0.521713 0.008998 0.521713 0.093575 0.368825 0.093575
2 0.239347 0.236494 0.379837 0.236494 0.379837 0.325440 0.239347 0.325440
