5 0.548237 0.362803 0.583895 0.396132 0.515109 0.461329 0.479451 0.428000
5 0.647330 0.451031 0.682988 0.484360 0.614202 0.549557 0.578544 0.516228
5 0.195944 0.735862 0.231609 0.769198 0.144193 0.852053 0.108528 0.818717
5 0.647367 0.813455 0.691405 0.790668 0.735218 0.865681 0.691181 0.888469
5 0.721178 0.766198 0.756024 0.732116 0.821563 0.791479 0.786717 0.825561
0 0.858468 0.558338 0.891941 0.558338 0.891941 0.640138 0.858468 0.640138
0 0.921405 0.586061 0.962917 0.586061 0.962917 0.659164 0.921405 0.659164
0 0.926761 0.408347 0.964254 0.408347 0.964254 0.485106 0.926761 0.485106
0 0.854449 0.464940 0.894624 0.464940 0.894624 0.519265 0.854449 0.519265
0 0.012176 0.406961 0.060380 0.406961 0.060380 0.472507 0.012176 0.472507
0 0.009493 0.535647 0.059034 0.535647 0.059034 0.610009 0.009493 0.610009
0 0.363015 0.875950 0.421932 0.875950 0.421932 0.909853 0.363015 0.909853
0 0.504956 0.878476 0.567893 0.878476 0.567893 0.911120 0.504956 0.911120
0 0.514322 0.935188 0.589317 0.935188 0.589317 0.972874 0.514322 0.972874
0 0.428624 0.083049 0.478166 0.083049 0.478166 0.117199 0.428624 0.117199
5 0.175464 0.160775 0.310110 0.220952 0.288633 0.263522 0.153988 0.203345
2 0.265259 0.526823 0.322839 0.526823 0.322839 0.637612 0.265259 0.637612
2 0.535746 0.524307 0.594673 0.524307 0.594673 0.630055 0.535746 0.630055
0 0.515668 0.089477 0.586634 0.089477 0.586634 0.123508 0.515668 0.123508
0 0.554498 0.015115 0.637522 0.015115 0.637522 0.060487 0.554498 0.060487
0 0.352754 0.359001 0.388413 0.392331 0.319626 0.457528 0.283968 0.424198
0 0.289936 0.797842 0.333147 0.821990 0.276434 0.911892 0.233224 0.887743
