5 0.765073 0.116364 0.902873 0.116364 0.902873 0.202064 0.765073 0.202064
0 0.632977 0.620004 0.609428 0.578803 0.676687 0.532496 0.700235 0.573697
0 0.379778 0.517533 0.358366 0.474962 0.442664 0.423888 0.464076 0.466459
0 0.396445 0.000407 0.473382 0.000407 0.473382 0.040739 0.396445 0.040739
0 0.425151 0.047045 0.488318 0.047045 0.488318 0.087377 0.425151 0.087377
0 0.640022 0.061509 0.745204 0.108855 0.730124 0.149210 0.624942 0.101865
0 0.922847 0.436828 0.957593 0.436828 0.957593 0.502187 0.922847 0.502187
0 0.117921 0.419403 0.153650 0.419403 0.153650 0.501098 0.117921 0.501098
0 0.050388 0.397614 0.089137 0.397614 0.089137 0.471686 0.050388 0.471686
0 0.045470 0.561013 0.087153 0.561013 0.087153 0.630729 0.045470 0.630729
0 0.573486 0.945540 0.625099 0.945540 0.625099 0.983674 0.573486 0.983674
5 0.165109 0.186071 0.195495 0.150682 0.253277 0.210444 0.222892 0.245833
5 0.229638 0.109064 0.264975 0.079732 0.312873 0.149241 0.277536 0.178573
5 0.770992 0.245104 0.906972 0.245104 0.906972 0.324631 0.770992 0.324631
2 0.393736 0.271032 0.446342 0.271032 0.446342 0.421364 0.393736 0.421364
