5 0.368212 0.831764 0.469184 0.831764 0.469184 0.882179 0.368212 0.882179
0 0.369296 0.898560 0.459419 0.898560 0.459419 0.956537 0.369296 0.956537
0 0.357352 0.748573 0.450726 0.748573 0.450726 0.809079 0.357352 0.809079
0 0.635307 0.395668 0.722168 0.395668 0.722168 0.442309 0.635307 0.442309
0 0.611522 0.255736 0.644741 0.267525 0.635216 0.303694 0.601996 0.291904
0 0.801430 0.231816 0.843777 0.231816 0.843777 0.296096 0.801430 0.296096
0 0.921955 0.456174 0.962123 0.456174 0.962123 0.516667 0.921955 0.516667
0 0.851374 0.536835 0.898067 0.536835 0.898067 0.587250 0.851374 0.587250
0 0.339989 0.209131 0.393184 0.209131 0.393184 0.253243 0.339989 0.253243
0 0.362782 0.680519 0.451821 0.680519 0.451821 0.730934 0.362782 0.730934
0 0.800346 0.647743 0.840514 0.647743 0.840514 0.708249 0.800346 0.708249
0 0.360615 0.122166 0.448559 0.122166 0.448559 0.173839 0.360615 0.173839
4 0.350838 0.021336 0.446391 0.021336 0.446391 0.078054 0.350838 0.078054
0 0.095687 0.132257 0.165173 0.132257 0.165173 0.282231 0.095687 0.282231
