5 0.333681 0.382037 0.484173 0.382037 0.484173 0.436230 0.333681 0.436230
5 0.122477 0.844598 0.261578 0.844598 0.261578 0.898791 0.122477 0.898791
5 0.060475 0.781581 0.195844 0.781581 0.195844 0.835773 0.060475 0.835773
2 0.401374 0.054928 0.521518 0.054928 0.521518 0.102815 0.401374 0.102815
0 0.036286 0.516480 0.085158 0.510586 0.092450 0.570646 0.043579 0.576540
2 0.397252 0.881877 0.521773 0.881877 0.521773 0.924531 0.397252 0.924531
5 0.555666 0.512443 0.706158 0.512443 0.706158 0.566636 0.555666 0.566636
5 0.649839 0.863500 0.829432 0.863500 0.829432 0.917701 0.649839 0.917701
0 0.421612 0.928369 0.505072 0.928369 0.505072 0.977523 0.421612 0.977523
0 0.903020 0.513220 0.943475 0.514205 0.941806 0.582249 0.901352 0.581264
0 0.942522 0.397331 0.988802 0.390438 0.998046 0.452078 0.951766 0.458971
0 0.909174 0.289371 0.950500 0.272981 0.973880 0.331533 0.932553 0.347923
0 0.000475 0.395224 0.035886 0.395224 0.035886 0.462029 0.000475 0.462029
0 0.053760 0.636396 0.101846 0.616054 0.126062 0.672910 0.077976 0.693253
0 0.664419 0.027194 0.788363 0.027194 0.788363 0.075089 0.664419 0.075089
0 0.819975 0.163314 0.954029 0.163314 0.954029 0.212468 0.819975 0.212468
