0 0.522618 0.856300 0.665929 0.820680 0.677280 0.855916 0.533969 0.891536
2 0.392846 0.920590 0.492897 0.920590 0.492897 0.964530 0.392846 0.964530
0 0.233563 0.802140 0.362140 0.854803 0.340438 0.895681 0.211861 0.843018
2 0.403959 0.022261 0.493823 0.022261 0.493823 0.065388 0.403959 0.065388
0 0.060391 0.259380 0.103501 0.268961 0.069414 0.387284 0.026304 0.377703
5 0.223314 0.008425 0.383577 0.008425 0.383577 0.081664 0.223314 0.081664
5 0.000051 0.761104 0.172362 0.761104 0.172362 0.804231 0.000051 0.804231
5 0.706695 0.036537 0.837850 0.036537 0.837850 0.075910 0.706695 0.075910
0 0.776126 0.112067 0.900229 0.112067 0.900229 0.154269 0.776126 0.154269
0 0.866602 0.233030 0.994707 0.233030 0.994707 0.277336 0.866602 0.277336
5 0.769720 0.745716 0.972294 0.745716 0.972294 0.828000 0.769720 0.828000
