0 0.283705 0.498189 0.317207 0.498189 0.317207 0.555935 0.283705 0.555935
0 0.401550 0.017304 0.460557 0.017304 0.460557 0.052295 0.401550 0.052295
0 0.323656 0.020559 0.373220 0.020559 0.373220 0.054733 0.323656 0.054733
5 0.036481 0.112513 0.171808 0.112513 0.171808 0.193881 0.036481 0.193881
0 0.407241 0.087043 0.438691 0.084254 0.441581 0.119118 0.410131 0.121906
0 0.564407 0.146686 0.657224 0.146686 0.657224 0.186553 0.564407 0.186553
5 0.643446 0.230918 0.859726 0.230918 0.859726 0.304766 0.643446 0.304766
0 0.719605 0.384933 0.748846 0.384933 0.748846 0.442604 0.719605 0.442604
0 0.718927 0.454558 0.747490 0.454558 0.747490 0.495351 0.718927 0.495351
5 0.766529 0.544574 0.841332 0.544574 0.841332 0.583973 0.766529 0.583973
5 0.723010 0.792830 0.795771 0.792830 0.795771 0.830810 0.723010 0.830810
0 0.457127 0.929265 0.512187 0.929265 0.512187 0.960209 0.457127 0.960209
0 0.396546 0.783222 0.437094 0.783222 0.437094 0.811828 0.396546 0.811828
0 0.310743 0.783865 0.366021 0.783865 0.366021 0.815476 0.310743 0.815476
0 0.290169 0.928531 0.347175 0.928531 0.347175 0.961962 0.290169 0.961962
0 0.056852 0.708497 0.131485 0.708497 0.131485 0.749224 0.056852 0.749224
0 0.391840 0.478130 0.425343 0.478130 0.425343 0.537095 0.391840 0.537095
0 0.023349 0.537095 0.092115 0.537095 0.092115 0.574165 0.023349 0.574165
0 0.049209 0.376018 0.079774 0.376018 0.079774 0.402154 0.049209 0.402154
