0 0.537226 0.858786 0.600556 0.858786 0.600556 0.891609 0.537226 0.891609
0 0.369542 0.874856 0.447803 0.903539 0.434475 0.937039 0.356214 0.908356
0 0.005427 0.403467 0.050831 0.403467 0.050831 0.536364 0.005427 0.536364
0 0.097485 0.357718 0.128582 0.357718 0.128582 0.475362 0.097485 0.475362
0 0.288186 0.506525 0.375213 0.506525 0.375213 0.543826 0.288186 0.543826
0 0.832980 0.734184 0.922912 0.734184 0.922912 0.771266 0.832980 0.771266
5 0.745221 0.100973 0.837180 0.100973 0.837180 0.139846 0.745221 0.139846
5 0.699794 0.344199 0.786822 0.344199 0.786822 0.382019 0.699794 0.382019
0 0.556402 0.360483 0.620976 0.360483 0.620976 0.391478 0.556402 0.391478
0 0.468811 0.304799 0.499459 0.304799 0.499459 0.349978 0.468811 0.349978
0 0.469360 0.379393 0.498910 0.379393 0.498910 0.442436 0.469360 0.442436
0 0.575861 0.592560 0.648689 0.592560 0.648689 0.622348 0.575861 0.622348
0 0.451730 0.542114 0.485297 0.542114 0.485297 0.612619 0.451730 0.612619
0 0.556291 0.481038 0.617037 0.557847 0.587992 0.579006 0.527247 0.502197
0 0.764581 0.530563 0.793712 0.530563 0.793712 0.594389 0.764581 0.594389
5 0.865274 0.629642 0.998902 0.629642 0.998902 0.691031 0.865274 0.691031
5 0.784848 0.810768 0.879848 0.810768 0.879848 0.852099 0.784848 0.852099
5 0.770915 0.903160 0.937477 0.903160 0.937477 0.982787 0.770915 0.982787
0 0.548720 0.026898 0.609482 0.026898 0.609482 0.056840 0.548720 0.056840
0 0.458407 0.028998 0.516974 0.028998 0.516974 0.056320 0.458407 0.056320
2 0.869494 0.265152 0.896397 0.255907 0.934705 0.358594 0.907803 0.367839
