5 0.674259 0.936516 0.855031 0.936516 0.855031 0.987989 0.674259 0.987989
5 0.731795 0.079158 0.980136 0.079158 0.980136 0.133716 0.731795 0.133716
0 0.507357 0.061244 0.584690 0.086282 0.571693 0.127103 0.494360 0.102065
2 0.303267 0.027326 0.435835 0.027326 0.435835 0.062211 0.303267 0.062211
0 0.339676 0.064042 0.406900 0.064042 0.406900 0.105474 0.339676 0.105474
5 0.024113 0.035800 0.209906 0.035800 0.209906 0.084758 0.024113 0.084758
0 0.175379 0.143536 0.236693 0.101516 0.259423 0.135243 0.198108 0.177263
0 0.021758 0.323495 0.060170 0.255309 0.098952 0.277526 0.060540 0.345712
0 0.465122 0.391122 0.567497 0.297184 0.604815 0.338541 0.502440 0.432479
5 0.514178 0.520054 0.632400 0.657683 0.596177 0.689325 0.477955 0.551696
0 0.751037 0.750382 0.792296 0.680309 0.829589 0.702639 0.788330 0.772712
0 0.590232 0.877049 0.654355 0.830413 0.682565 0.869856 0.618442 0.916493
0 0.449656 0.903168 0.520177 0.903168 0.520177 0.948758 0.449656 0.948758
2 0.296555 0.906821 0.436399 0.906821 0.436399 0.949368 0.296555 0.949368
