0 0.563194 0.091744 0.584759 0.091744 0.584759 0.111268 0.563194 0.111268
0 0.236066 0.053109 0.259432 0.053109 0.259432 0.111224 0.236066 0.111224
0 0.281029 0.059014 0.307492 0.059014 0.307492 0.108050 0.281029 0.108050
0 0.347020 0.054020 0.371275 0.054020 0.371275 0.108505 0.347020 0.108505
5 0.625261 0.454309 0.667414 0.403168 0.689680 0.421920 0.647527 0.473062
0 0.066420 0.234312 0.121222 0.234312 0.121222 0.260650 0.066420 0.260650
0 0.078553 0.518537 0.117631 0.518537 0.117631 0.543510 0.078553 0.543510
0 0.105498 0.564399 0.123912 0.564399 0.123912 0.588007 0.105498 0.588007
0 0.069121 0.202080 0.119421 0.202080 0.119421 0.226598 0.069121 0.226598
0 0.200139 0.056739 0.224845 0.056739 0.224845 0.108505 0.200139 0.108505
0 0.070461 0.281538 0.122562 0.281538 0.122562 0.307866 0.070461 0.307866
0 0.087535 0.428191 0.118971 0.428191 0.118971 0.452709 0.087535 0.452709
0 0.066420 0.346912 0.120322 0.346912 0.120322 0.374160 0.066420 0.374160
0 0.659414 0.480467 0.710495 0.443227 0.727981 0.467735 0.676901 0.504974
0 0.608153 0.391282 0.636200 0.400548 0.617902 0.457136 0.589856 0.447870
0 0.687245 0.101430 0.718510 0.101430 0.718510 0.128169 0.687245 0.128169
0 0.592583 0.085959 0.629453 0.085959 0.629453 0.113391 0.592583 0.113391
5 0.781597 0.193781 0.876581 0.193781 0.876581 0.224702 0.781597 0.224702
0 0.516742 0.064865 0.539003 0.064865 0.539003 0.109166 0.516742 0.109166
0 0.428382 0.074009 0.450654 0.074009 0.450654 0.109870 0.428382 0.109870
