0 0.023749 0.440489 0.073828 0.440489 0.073828 0.465707 0.023749 0.465707
5 0.566882 0.504026 0.643338 0.435596 0.669823 0.462855 0.593366 0.531284
0 0.629516 0.532069 0.690263 0.509921 0.700700 0.536290 0.639952 0.558437
0 0.563299 0.383444 0.594442 0.392412 0.574017 0.457752 0.542874 0.448784
5 0.832956 0.245891 0.934689 0.245891 0.934689 0.276815 0.832956 0.276815
0 0.636523 0.125598 0.670442 0.125598 0.670442 0.153435 0.636523 0.153435
0 0.538992 0.114065 0.579626 0.114065 0.579626 0.138826 0.538992 0.138826
0 0.517792 0.074043 0.542174 0.074043 0.542174 0.092359 0.517792 0.092359
0 0.466557 0.047587 0.495176 0.047587 0.495176 0.092696 0.466557 0.092696
0 0.370091 0.041489 0.398709 0.041489 0.398709 0.090326 0.370091 0.090326
0 0.285980 0.036391 0.313545 0.036391 0.313545 0.090663 0.285980 0.090663
0 0.215663 0.036391 0.242163 0.036391 0.242163 0.089641 0.215663 0.089641
0 0.169422 0.036739 0.195527 0.036739 0.195527 0.090326 0.169422 0.090326
0 0.142978 0.036402 0.168324 0.036402 0.168324 0.090620 0.142978 0.090620
0 0.017939 0.217424 0.073522 0.217424 0.073522 0.245565 0.017939 0.245565
0 0.019162 0.246446 0.072616 0.246446 0.072616 0.269011 0.019162 0.269011
0 0.019162 0.289826 0.072911 0.289826 0.072911 0.317674 0.019162 0.317674
0 0.016716 0.359293 0.073216 0.359293 0.073216 0.383924 0.016716 0.383924
0 0.029853 0.531946 0.072911 0.531946 0.072911 0.556565 0.029853 0.556565
0 0.058256 0.577087 0.075357 0.577087 0.075357 0.601413 0.058256 0.601413
