0 0.677634 0.573618 0.775380 0.573618 0.775380 0.616171 0.677634 0.616171
5 0.838157 0.240892 0.987808 0.240892 0.987808 0.288897 0.838157 0.288897
0 0.726581 0.056845 0.774023 0.084100 0.751888 0.122250 0.704445 0.094995
0 0.576737 0.037051 0.616862 0.037051 0.616862 0.080124 0.576737 0.080124
0 0.483288 0.079591 0.524471 0.079591 0.524471 0.146307 0.483288 0.146307
0 0.388792 0.066989 0.430511 0.066989 0.430511 0.147361 0.388792 0.147361
0 0.312702 0.062924 0.350187 0.062924 0.350187 0.147373 0.312702 0.147373
0 0.258132 0.064610 0.290511 0.064610 0.290511 0.143643 0.258132 0.143643
0 0.226090 0.064957 0.255741 0.064957 0.255741 0.144312 0.226090 0.144312
0 0.034035 0.313024 0.112117 0.313024 0.112117 0.344411 0.034035 0.344411
0 0.031532 0.345465 0.109925 0.345465 0.109925 0.380062 0.031532 0.380062
0 0.026077 0.399727 0.112329 0.399727 0.112329 0.438055 0.026077 0.438055
0 0.035965 0.480112 0.109925 0.480112 0.109925 0.521834 0.035965 0.521834
0 0.043126 0.571004 0.111955 0.571004 0.111955 0.614077 0.043126 0.614077
0 0.605908 0.433947 0.644606 0.455999 0.597118 0.538507 0.558420 0.516454
5 0.725338 0.455152 0.752808 0.498390 0.625745 0.578317 0.598275 0.535080
