0 0.196401 0.057959 0.230360 0.057959 0.230360 0.133089 0.196401 0.133089
5 0.854689 0.207883 0.982552 0.207883 0.982552 0.247970 0.854689 0.247970
0 0.707263 0.060583 0.748113 0.060583 0.748113 0.099460 0.707263 0.099460
0 0.574111 0.038521 0.606467 0.038521 0.606467 0.070572 0.574111 0.070572
0 0.476499 0.068996 0.512574 0.068996 0.512574 0.132030 0.476499 0.132030
0 0.375180 0.056911 0.411254 0.056911 0.411254 0.129935 0.375180 0.129935
0 0.291363 0.062689 0.325845 0.062689 0.325845 0.129935 0.291363 0.129935
0 0.231418 0.065842 0.263250 0.065842 0.263250 0.130983 0.231418 0.130983
0 0.031810 0.273056 0.111341 0.273056 0.111341 0.307775 0.031810 0.307775
0 0.039400 0.310367 0.111080 0.310367 0.111080 0.342754 0.039400 0.342754
0 0.037841 0.367030 0.108375 0.367030 0.108375 0.404644 0.037841 0.404644
0 0.032759 0.452549 0.110164 0.452549 0.110164 0.491080 0.032759 0.491080
0 0.045725 0.554082 0.110981 0.554082 0.110981 0.591004 0.045725 0.591004
0 0.607091 0.344400 0.647183 0.361828 0.608579 0.448915 0.568488 0.431487
5 0.697111 0.367193 0.734477 0.397805 0.643096 0.507191 0.605730 0.476580
0 0.688238 0.529818 0.784636 0.499352 0.797182 0.538282 0.700784 0.568747
