0 0.257723 0.063267 0.292512 0.063267 0.292512 0.146460 0.257723 0.146460
0 0.031473 0.311429 0.113973 0.311429 0.113973 0.346348 0.031473 0.346348
0 0.031473 0.347528 0.113181 0.347528 0.113181 0.380870 0.031473 0.380870
0 0.026002 0.399714 0.110842 0.399714 0.110842 0.439739 0.026002 0.439739
0 0.036510 0.477801 0.112017 0.477801 0.112017 0.518621 0.036510 0.518621
0 0.046337 0.573553 0.110062 0.573553 0.110062 0.610832 0.046337 0.610832
0 0.603171 0.434673 0.643967 0.460261 0.592510 0.542917 0.551713 0.517329
5 0.594892 0.536616 0.721687 0.454283 0.751420 0.500415 0.624625 0.582748
5 0.831634 0.243503 0.978787 0.243503 0.978787 0.289093 0.831634 0.289093
0 0.677649 0.575106 0.769022 0.575106 0.769022 0.618696 0.677649 0.618696
0 0.311671 0.062087 0.350000 0.062087 0.350000 0.143702 0.311671 0.143702
0 0.225272 0.062472 0.256943 0.062472 0.256943 0.146845 0.225272 0.146845
0 0.715136 0.064832 0.760495 0.064832 0.760495 0.109565 0.715136 0.109565
0 0.575173 0.042075 0.611931 0.042075 0.611931 0.078957 0.575173 0.078957
0 0.480953 0.078571 0.523181 0.078571 0.523181 0.149205 0.480953 0.149205
0 0.389864 0.069540 0.429356 0.069540 0.429356 0.146845 0.389864 0.146845
