0 0.388771 0.052292 0.415429 0.052292 0.415429 0.087558 0.388771 0.087558
0 0.294950 0.027867 0.325077 0.027867 0.325077 0.089257 0.294950 0.089257
0 0.229521 0.033973 0.256874 0.033973 0.256874 0.091292 0.229521 0.091292
0 0.193514 0.027867 0.222945 0.027867 0.222945 0.087903 0.193514 0.087903
0 0.014878 0.212372 0.079268 0.212372 0.079268 0.239159 0.014878 0.239159
0 0.020768 0.246628 0.079268 0.246628 0.079268 0.276133 0.020768 0.276133
0 0.015574 0.313434 0.080307 0.313434 0.080307 0.340230 0.015574 0.340230
0 0.595673 0.357000 0.631192 0.368440 0.606106 0.443186 0.570588 0.431745
0 0.030461 0.509469 0.077886 0.509469 0.077886 0.537956 0.030461 0.537956
5 0.613536 0.451538 0.683130 0.365519 0.715597 0.390728 0.646002 0.476747
0 0.671156 0.468564 0.740594 0.428013 0.761229 0.461923 0.691790 0.502474
5 0.870425 0.208903 0.981725 0.208903 0.981725 0.243885 0.870425 0.243885
0 0.040154 0.403310 0.078582 0.403310 0.078582 0.432142 0.040154 0.432142
0 0.719241 0.063398 0.754490 0.063398 0.754490 0.093221 0.719241 0.093221
0 0.600668 0.042602 0.627109 0.042602 0.627109 0.067319 0.600668 0.067319
0 0.495754 0.043814 0.526920 0.043814 0.526920 0.090611 0.495754 0.090611
