5 0.547798 0.445845 0.624897 0.366658 0.651331 0.398767 0.574232 0.477953
0 0.516598 0.409207 0.546329 0.333198 0.575370 0.347369 0.545639 0.423378
0 0.656442 0.054181 0.708142 0.080254 0.696665 0.108644 0.644965 0.082571
0 0.017990 0.205725 0.076055 0.205725 0.076055 0.240065 0.017990 0.240065
0 0.017513 0.146651 0.074883 0.146651 0.074883 0.178223 0.017513 0.178223
0 0.139732 0.030561 0.168836 0.030561 0.168836 0.094640 0.139732 0.094640
0 0.192529 0.030561 0.223300 0.030561 0.223300 0.094640 0.192529 0.094640
0 0.419941 0.043096 0.450285 0.043096 0.450285 0.093246 0.419941 0.093246
0 0.291064 0.030103 0.323903 0.030103 0.323903 0.094181 0.291064 0.094181
0 0.530486 0.031534 0.560017 0.031534 0.560017 0.061375 0.530486 0.061375
0 0.030720 0.460318 0.074816 0.460318 0.074816 0.495351 0.030720 0.495351
0 0.050595 0.528999 0.067362 0.528999 0.067362 0.559523 0.050595 0.559523
0 0.017672 0.315678 0.075436 0.315678 0.075436 0.351057 0.017672 0.351057
5 0.897839 0.353536 0.995787 0.353536 0.995787 0.392077 0.897839 0.392077
0 0.607792 0.479778 0.681835 0.453385 0.691471 0.487107 0.617428 0.513500
