0 0.374451 0.472975 0.459905 0.522719 0.439849 0.555572 0.354395 0.505828
5 0.849114 0.265182 0.984114 0.265182 0.984114 0.334348 0.849114 0.334348
0 0.711270 0.070575 0.751172 0.079714 0.744069 0.109286 0.704167 0.100147
0 0.575186 0.049882 0.607112 0.049882 0.607112 0.078365 0.575186 0.078365
0 0.476193 0.081079 0.513009 0.081079 0.513009 0.140769 0.476193 0.140769
0 0.373042 0.067853 0.410208 0.067853 0.410208 0.141111 0.373042 0.141111
0 0.288293 0.073280 0.325460 0.073280 0.325460 0.140096 0.288293 0.140096
0 0.230295 0.073953 0.265372 0.073953 0.265372 0.140096 0.230295 0.140096
0 0.191389 0.067521 0.229256 0.067521 0.229256 0.141111 0.191389 0.141111
0 0.028873 0.282009 0.108840 0.282009 0.108840 0.314573 0.028873 0.314573
0 0.042538 0.316923 0.109245 0.316923 0.109245 0.346752 0.042538 0.346752
0 0.036510 0.374220 0.108031 0.374220 0.108031 0.408355 0.036510 0.408355
0 0.032571 0.458665 0.107582 0.458665 0.107582 0.492201 0.032571 0.492201
0 0.047505 0.558376 0.108282 0.558376 0.108282 0.591944 0.047505 0.591944
0 0.650255 0.504947 0.732092 0.454233 0.753454 0.487104 0.671617 0.537818
