5 0.341822 0.329729 0.405237 0.361794 0.388730 0.403119 0.325315 0.371053
0 0.623338 0.001310 0.652585 0.022112 0.618196 0.083315 0.588949 0.062513
5 0.485276 0.777343 0.583650 0.777343 0.583650 0.816454 0.485276 0.816454
0 0.591821 0.823065 0.671595 0.775943 0.685686 0.806141 0.605913 0.853263
0 0.291711 0.818925 0.337842 0.836898 0.326633 0.873318 0.280501 0.855345
2 0.100674 0.873793 0.221113 0.929645 0.196925 0.995672 0.076486 0.939820
2 0.917101 0.121173 0.971472 0.121173 0.971472 0.273296 0.917101 0.273296
0 0.040441 0.548574 0.070458 0.533959 0.124137 0.673523 0.094120 0.688137
3 0.599632 0.896877 0.981143 0.896877 0.981143 0.984530 0.599632 0.984530
5 0.251021 0.050171 0.278174 0.029796 0.313120 0.088751 0.285967 0.109125
