0 0.192967 0.112018 0.429860 0.112018 0.429860 0.176474 0.192967 0.176474
0 0.189533 0.293772 0.256472 0.293772 0.256472 0.380123 0.189533 0.380123
0 0.069369 0.295053 0.139743 0.295053 0.139743 0.378842 0.069369 0.378842
3 0.391098 0.351754 0.469813 0.351754 0.469813 0.396877 0.391098 0.396877
3 0.341028 0.302333 0.419720 0.302333 0.419720 0.346912 0.341028 0.346912
0 0.664669 0.540995 0.711563 0.556672 0.691663 0.590233 0.644769 0.574556
3 0.372383 0.652158 0.451028 0.652158 0.451028 0.696982 0.372383 0.696982
0 0.371034 0.757461 0.450214 0.767517 0.440811 0.809258 0.361632 0.799202
3 0.509813 0.823105 0.576051 0.823105 0.576051 0.884035 0.509813 0.884035
0 0.638972 0.873526 0.845935 0.873526 0.845935 0.933754 0.638972 0.933754
0 0.784788 0.745095 0.954146 0.795444 0.936661 0.828606 0.767302 0.778257
0 0.792669 0.697978 0.959166 0.735248 0.945088 0.770706 0.778591 0.733436
4 0.421145 0.004965 0.613808 0.004965 0.613808 0.064632 0.421145 0.064632
0 0.684294 0.197024 0.863580 0.106562 0.895963 0.142748 0.716677 0.233210
3 0.320234 0.600561 0.400537 0.600561 0.400537 0.647193 0.320234 0.647193
