3 0.301450 0.131520 0.320488 0.131520 0.320488 0.163090 0.301450 0.163090
0 0.237179 0.487518 0.261327 0.487518 0.261327 0.567092 0.237179 0.567092
0 0.189329 0.468247 0.218397 0.468247 0.218397 0.583870 0.189329 0.583870
0 0.128542 0.442320 0.164468 0.442320 0.164468 0.527204 0.128542 0.527204
0 0.144708 0.531368 0.164468 0.531368 0.164468 0.616251 0.144708 0.616251
0 0.098149 0.382452 0.115853 0.382452 0.115853 0.448379 0.098149 0.448379
0 0.050386 0.479493 0.074767 0.479493 0.074767 0.573293 0.050386 0.573293
0 0.004286 0.480426 0.030678 0.480426 0.030678 0.572361 0.004286 0.572361
5 0.424190 0.223911 0.441923 0.232207 0.422567 0.312157 0.404834 0.303862
0 0.690853 0.481368 0.710977 0.481368 0.710977 0.573374 0.690853 0.573374
0 0.739147 0.488207 0.760612 0.488207 0.760612 0.565907 0.739147 0.565907
0 0.786101 0.489453 0.807566 0.489453 0.807566 0.568399 0.786101 0.568399
0 0.828586 0.486960 0.850948 0.486960 0.850948 0.568399 0.828586 0.568399
0 0.871961 0.487589 0.890743 0.487589 0.890743 0.564671 0.871961 0.564671
0 0.914446 0.488207 0.935466 0.488207 0.935466 0.562178 0.914446 0.562178
0 0.959162 0.489453 0.977945 0.489453 0.977945 0.564671 0.959162 0.564671
0 0.807566 0.732503 0.824111 0.732503 0.824111 0.827609 0.807566 0.827609
0 0.717238 0.745562 0.732886 0.745562 0.732886 0.828237 0.717238 0.828237
0 0.591130 0.902827 0.610802 0.902827 0.610802 0.923961 0.591130 0.923961
0 0.548958 0.902847 0.560598 0.902847 0.560598 0.924428 0.548958 0.924428
0 0.520270 0.903445 0.530838 0.903445 0.530838 0.923526 0.520270 0.923526
0 0.479512 0.902847 0.506042 0.902847 0.506042 0.924134 0.479512 0.924134
0 0.457733 0.954711 0.492886 0.954711 0.492886 0.975988 0.457733 0.975988
0 0.368236 0.903141 0.428404 0.903141 0.428404 0.925633 0.368236 0.925633
0 0.425714 0.804042 0.448743 0.769351 0.463885 0.788775 0.440857 0.823466
1 0.149971 0.748359 0.253273 0.748359 0.253273 0.781966 0.149971 0.781966
0 0.333768 0.481682 0.373120 0.481682 0.373120 0.506545 0.333768 0.506545
0 0.434388 0.473597 0.453171 0.473597 0.453171 0.509656 0.434388 0.509656
0 0.580620 0.385947 0.615496 0.385947 0.615496 0.407710 0.580620 0.407710
0 0.574751 0.242607 0.589347 0.255334 0.569768 0.298721 0.555172 0.285993
0 0.549230 0.220227 0.564129 0.236702 0.550377 0.260735 0.535477 0.244261
0 0.489749 0.140554 0.503369 0.159420 0.489478 0.178797 0.475858 0.159931
0 0.465491 0.059428 0.502302 0.078153 0.496739 0.099285 0.459928 0.080560
0 0.426385 0.101793 0.452434 0.101793 0.452434 0.125481 0.426385 0.125481
0 0.347216 0.101337 0.368593 0.101337 0.368593 0.125481 0.347216 0.125481
0 0.690853 0.112746 0.775656 0.112746 0.775656 0.139514 0.690853 0.139514
0 0.688615 0.239554 0.776093 0.239554 0.776093 0.262553 0.688615 0.262553
