0 0.362234 0.400445 0.401940 0.400445 0.401940 0.419715 0.362234 0.419715
0 0.850573 0.465399 0.871514 0.465399 0.871514 0.530260 0.850573 0.530260
0 0.811095 0.462972 0.831146 0.462972 0.831146 0.532343 0.811095 0.532343
0 0.769530 0.465743 0.788046 0.465743 0.788046 0.528875 0.769530 0.528875
0 0.720661 0.463317 0.740389 0.463317 0.740389 0.532687 0.720661 0.532687
5 0.455128 0.247684 0.475391 0.260466 0.439846 0.334046 0.419584 0.321264
0 0.607289 0.135970 0.623137 0.135970 0.623137 0.154081 0.607289 0.154081
0 0.570720 0.135508 0.592660 0.135508 0.592660 0.154542 0.570720 0.154542
0 0.476451 0.134114 0.513835 0.134114 0.513835 0.157330 0.476451 0.157330
0 0.386238 0.135508 0.424034 0.135508 0.424034 0.155474 0.386238 0.155474
0 0.339919 0.135046 0.362263 0.135046 0.362263 0.154081 0.339919 0.154081
0 0.467509 0.087683 0.488229 0.087683 0.488229 0.106717 0.467509 0.106717
0 0.473747 0.417851 0.491154 0.417851 0.491154 0.448934 0.473747 0.448934
0 0.556429 0.469446 0.579824 0.469446 0.579824 0.534719 0.556429 0.534719
0 0.478461 0.538733 0.512807 0.556619 0.505823 0.574131 0.471477 0.556244
0 0.423943 0.507626 0.439734 0.502724 0.447482 0.535312 0.431692 0.540215
0 0.345371 0.457011 0.360059 0.457011 0.360059 0.488094 0.345371 0.488094
0 0.414314 0.571887 0.426391 0.583142 0.399154 0.621304 0.387077 0.610048
4 0.451440 0.921990 0.510735 0.921990 0.510735 0.959908 0.451440 0.959908
0 0.266488 0.805122 0.285533 0.805122 0.285533 0.888421 0.266488 0.888421
0 0.380184 0.808228 0.391609 0.808228 0.391609 0.826885 0.380184 0.826885
0 0.445533 0.815666 0.457625 0.806727 0.468500 0.825938 0.456409 0.834877
0 0.481728 0.753231 0.496174 0.742593 0.510021 0.767146 0.495575 0.777785
0 0.549669 0.809488 0.567230 0.809488 0.567230 0.827540 0.549669 0.827540
0 0.645547 0.649757 0.662050 0.649757 0.662050 0.730823 0.645547 0.730823
0 0.678560 0.653367 0.695768 0.653367 0.695768 0.734039 0.678560 0.734039
0 0.549210 0.646066 0.561993 0.637564 0.572238 0.657679 0.559455 0.666181
0 0.294702 0.669018 0.311558 0.669018 0.311558 0.748480 0.294702 0.748480
0 0.265569 0.473862 0.282432 0.473862 0.282432 0.524215 0.265569 0.524215
0 0.220419 0.467641 0.240544 0.467641 0.240544 0.531050 0.220419 0.531050
5 0.180705 0.470756 0.198655 0.470756 0.198655 0.532292 0.180705 0.532292
0 0.133380 0.456457 0.155680 0.456457 0.155680 0.540378 0.133380 0.540378
0 0.082248 0.461427 0.106179 0.461427 0.106179 0.533535 0.082248 0.533535
0 0.871253 0.080296 0.897484 0.090676 0.890202 0.114708 0.863971 0.104328
0 0.737355 0.245835 0.825129 0.245835 0.825129 0.263526 0.737355 0.263526
0 0.735834 0.307582 0.826672 0.307582 0.826672 0.326306 0.735834 0.326306
0 0.052160 0.126306 0.140118 0.126306 0.140118 0.146196 0.052160 0.146196
0 0.020066 0.153039 0.112197 0.153039 0.112197 0.172309 0.020066 0.172309
