0 0.435105 0.049576 0.491397 0.002826 0.521613 0.021260 0.465321 0.068011
0 0.129872 0.753482 0.227714 0.753482 0.227714 0.780836 0.129872 0.780836
0 0.142976 0.842373 0.245147 0.842373 0.245147 0.870345 0.142976 0.870345
0 0.385747 0.948673 0.440766 0.948673 0.440766 0.978509 0.385747 0.978509
0 0.117854 0.553127 0.233665 0.553127 0.233665 0.584327 0.117854 0.584327
4 0.590971 0.949300 0.728953 0.949300 0.728953 0.998409 0.590971 0.998409
0 0.634636 0.856673 0.743806 0.856673 0.743806 0.890864 0.634636 0.890864
0 0.592720 0.756591 0.693155 0.756591 0.693155 0.788291 0.592720 0.788291
0 0.894010 0.468782 0.963870 0.468782 0.963870 0.591864 0.894010 0.591864
0 0.793576 0.452000 0.859949 0.452000 0.859949 0.576318 0.793576 0.576318
0 0.701877 0.447018 0.776117 0.447018 0.776117 0.571973 0.701877 0.571973
0 0.434649 0.545864 0.479195 0.545864 0.479195 0.575700 0.434649 0.575700
0 0.005747 0.485709 0.049029 0.485709 0.049029 0.533855 0.005747 0.533855
0 0.327420 0.000000 0.379068 0.000000 0.379068 0.037318 0.327420 0.037318
