0 0.724308 0.479684 0.789353 0.479684 0.789353 0.631198 0.724308 0.631198
0 0.261307 0.398350 0.370996 0.398350 0.370996 0.436237 0.261307 0.436237
0 0.170750 0.447367 0.370996 0.447367 0.370996 0.486362 0.170750 0.486362
0 0.101811 0.516441 0.149069 0.516441 0.149069 0.698034 0.101811 0.698034
0 0.067439 0.419525 0.131203 0.419525 0.131203 0.495277 0.067439 0.495277
0 0.536565 0.721477 0.607011 0.776107 0.577173 0.805461 0.506727 0.750831
0 0.481966 0.069706 0.529159 0.069706 0.529159 0.112045 0.481966 0.112045
1 0.721759 0.137661 0.983221 0.137661 0.983221 0.194486 0.721759 0.194486
0 0.219211 0.122068 0.377374 0.122068 0.377374 0.159944 0.219211 0.159944
3 0.429664 0.173311 0.487063 0.173311 0.487063 0.233469 0.429664 0.233469
