0 0.297439 0.895550 0.366228 0.789387 0.406529 0.824196 0.337741 0.930358
0 0.130714 0.717500 0.217249 0.630343 0.250325 0.674119 0.163790 0.761275
0 0.073013 0.598136 0.159549 0.510980 0.192624 0.554755 0.106089 0.641911
0 0.351937 0.184255 0.457874 0.184255 0.457874 0.243909 0.351937 0.243909
0 0.580583 0.430345 0.618047 0.430345 0.618047 0.481055 0.580583 0.481055
0 0.490157 0.425873 0.535370 0.425873 0.535370 0.482545 0.490157 0.482545
0 0.359041 0.412413 0.436124 0.487354 0.404313 0.530969 0.327231 0.456028
3 0.117488 0.080467 0.185701 0.054726 0.227189 0.201278 0.158977 0.227019
4 0.913858 0.773364 0.972000 0.773364 0.972000 0.889691 0.913858 0.889691
0 0.382945 0.044073 0.495323 0.044073 0.495323 0.108200 0.382945 0.108200
0 0.665508 0.841046 0.730881 0.950048 0.689515 0.983117 0.624142 0.874116
