0 0.681821 0.446922 0.748238 0.446922 0.748238 0.569197 0.681821 0.569197
0 0.614464 0.795758 0.705548 0.795758 0.705548 0.825966 0.614464 0.825966
0 0.611619 0.895009 0.702690 0.895009 0.702690 0.926625 0.611619 0.926625
4 0.587905 0.952554 0.709333 0.952554 0.709333 0.998511 0.587905 0.998511
0 0.382976 0.922347 0.428524 0.922347 0.428524 0.951832 0.382976 0.951832
0 0.145798 0.836751 0.234976 0.836751 0.234976 0.864079 0.145798 0.864079
0 0.145798 0.743249 0.234976 0.743249 0.234976 0.775542 0.145798 0.775542
0 0.142952 0.549052 0.238774 0.549052 0.238774 0.578547 0.142952 0.578547
0 0.008238 0.476417 0.044286 0.476417 0.044286 0.523096 0.008238 0.523096
0 0.323214 0.021137 0.368750 0.021137 0.368750 0.047744 0.323214 0.047744
0 0.400361 0.060102 0.468264 0.017667 0.494949 0.042208 0.427046 0.084644
0 0.434202 0.558339 0.479762 0.558339 0.479762 0.591760 0.434202 0.591760
0 0.873071 0.443105 0.957667 0.443105 0.957667 0.563908 0.873071 0.563908
0 0.768155 0.450523 0.835512 0.450523 0.835512 0.572076 0.768155 0.572076
