0 0.556982 0.852554 0.659959 0.852554 0.659959 0.893543 0.556982 0.893543
0 0.876455 0.368750 0.948660 0.368750 0.948660 0.519565 0.876455 0.519565
0 0.767334 0.346837 0.842747 0.346837 0.842747 0.506674 0.767334 0.506674
0 0.671055 0.348130 0.748078 0.348130 0.748078 0.504098 0.671055 0.504098
0 0.388620 0.491207 0.433545 0.491207 0.433545 0.526011 0.388620 0.526011
0 0.048417 0.473163 0.173586 0.473163 0.173586 0.516989 0.048417 0.516989
0 0.064465 0.680685 0.171989 0.680685 0.171989 0.719359 0.064465 0.719359
0 0.556089 0.718054 0.661746 0.718054 0.661746 0.759043 0.556089 0.759043
0 0.334926 0.893543 0.395805 0.893543 0.395805 0.930946 0.334926 0.930946
0 0.067199 0.843924 0.169269 0.843924 0.169269 0.882043 0.067199 0.882043
4 0.413721 0.941011 0.554290 0.941011 0.554290 1.000000 0.413721 1.000000
