0 0.497143 0.419802 0.532778 0.419802 0.532778 0.473730 0.497143 0.473730
0 0.594698 0.423658 0.623540 0.423658 0.623540 0.475658 0.594698 0.475658
0 0.368013 0.410650 0.442842 0.481672 0.409527 0.526900 0.334698 0.455878
0 0.140313 0.704400 0.219856 0.624516 0.253576 0.667780 0.174033 0.747664
0 0.122749 0.491177 0.166931 0.513821 0.124806 0.619724 0.080625 0.597080
0 0.634142 0.866480 0.681168 0.832734 0.742033 0.942024 0.695007 0.975770
0 0.370648 0.783042 0.413915 0.815426 0.351431 0.922994 0.308165 0.890610
0 0.375000 0.052000 0.493762 0.052000 0.493762 0.110721 0.375000 0.110721
3 0.113845 0.074730 0.191970 0.039797 0.225933 0.137667 0.147807 0.172600
0 0.357190 0.186793 0.461524 0.186793 0.461524 0.249369 0.357190 0.249369
