0 0.858503 0.389447 0.939987 0.389447 0.939987 0.529826 0.858503 0.529826
0 0.749358 0.369396 0.830842 0.369396 0.830842 0.507544 0.749358 0.507544
0 0.659144 0.369396 0.736270 0.369396 0.736270 0.509775 0.659144 0.509775
0 0.385575 0.497513 0.435053 0.497513 0.435053 0.536510 0.385575 0.536510
0 0.045080 0.485261 0.165856 0.485261 0.165856 0.520911 0.045080 0.520911
0 0.541283 0.709191 0.645989 0.709191 0.645989 0.748178 0.541283 0.748178
0 0.055267 0.704729 0.160040 0.704729 0.160040 0.740379 0.055267 0.740379
0 0.058168 0.827277 0.160040 0.827277 0.160040 0.860696 0.058168 0.860696
0 0.536912 0.838414 0.651872 0.838414 0.651872 0.872979 0.536912 0.872979
0 0.318636 0.871842 0.373944 0.871842 0.373944 0.908608 0.318636 0.908608
4 0.274987 0.916407 0.435053 0.916407 0.435053 0.981024 0.274987 0.981024
