0 0.376653 0.434302 0.452243 0.498716 0.416022 0.551902 0.340433 0.487488
0 0.594943 0.444836 0.642741 0.444836 0.642741 0.496606 0.594943 0.496606
0 0.591183 0.675601 0.701706 0.643627 0.714233 0.697812 0.603710 0.729785
0 0.348026 0.753342 0.460356 0.693408 0.482268 0.744797 0.369938 0.804730
0 0.129947 0.737184 0.225004 0.647327 0.257867 0.690827 0.162810 0.780684
0 0.069576 0.620584 0.159702 0.524578 0.194812 0.565821 0.104687 0.661827
3 0.127950 0.144347 0.196254 0.118336 0.228086 0.222934 0.159782 0.248945
0 0.386721 0.023796 0.517847 0.023796 0.517847 0.091095 0.386721 0.091095
0 0.354323 0.203248 0.473100 0.203248 0.473100 0.265383 0.354323 0.265383
0 0.499331 0.441387 0.534812 0.441387 0.534812 0.496606 0.499331 0.496606
