0 0.705360 0.269158 0.745582 0.269158 0.745582 0.315396 0.705360 0.315396
0 0.872689 0.719468 0.944413 0.820794 0.897294 0.851770 0.825570 0.750443
0 0.466154 0.700515 0.515785 0.724885 0.460062 0.830277 0.410431 0.805907
0 0.275819 0.468909 0.313679 0.508866 0.224027 0.587757 0.186167 0.547800
0 0.119692 0.398856 0.153325 0.442183 0.056113 0.512266 0.022480 0.468940
0 0.470005 0.496422 0.507865 0.536379 0.441177 0.595063 0.403316 0.555106
0 0.473219 0.032030 0.600120 0.032030 0.600120 0.087211 0.473219 0.087211
3 0.200856 0.000710 0.295240 0.000710 0.295240 0.081238 0.200856 0.081238
0 0.460839 0.158795 0.581541 0.158795 0.581541 0.213977 0.460839 0.213977
0 0.624880 0.266172 0.655822 0.266172 0.655822 0.312409 0.624880 0.312409
