0 0.423590 0.548171 0.479316 0.565118 0.473007 0.587556 0.417280 0.570610
0 0.345509 0.564804 0.362429 0.575715 0.332991 0.625091 0.316071 0.614181
0 0.365161 0.485796 0.391488 0.479876 0.401261 0.526887 0.374935 0.532807
0 0.427566 0.413777 0.444922 0.413777 0.444922 0.449258 0.427566 0.449258
0 0.299478 0.389505 0.341382 0.389505 0.341382 0.409420 0.299478 0.409420
0 0.288710 0.452369 0.310256 0.452369 0.310256 0.490343 0.288710 0.490343
0 0.175590 0.476651 0.196532 0.476651 0.196532 0.527069 0.175590 0.527069
0 0.123513 0.472293 0.144465 0.472293 0.144465 0.532046 0.123513 0.532046
0 0.085810 0.489724 0.108554 0.489724 0.108554 0.559429 0.085810 0.559429
0 0.039122 0.459220 0.063660 0.459220 0.063660 0.547612 0.039122 0.547612
0 0.000000 0.468554 0.017575 0.468554 0.017575 0.538268 0.000000 0.538268
0 0.016697 0.089296 0.150659 0.089296 0.150659 0.114225 0.016697 0.114225
0 0.000265 0.127869 0.144648 0.127869 0.144648 0.149077 0.000265 0.149077
0 0.427548 0.042027 0.452827 0.042027 0.452827 0.063930 0.427548 0.063930
0 0.443349 0.083654 0.486532 0.083654 0.486532 0.109895 0.443349 0.109895
0 0.557100 0.088582 0.586597 0.088582 0.586597 0.107745 0.557100 0.107745
0 0.601345 0.085842 0.619771 0.085842 0.619771 0.106651 0.601345 0.106651
0 0.329588 0.086384 0.371720 0.086384 0.371720 0.109943 0.329588 0.109943
0 0.269552 0.086384 0.296414 0.086384 0.296414 0.111579 0.269552 0.111579
0 0.401502 0.223885 0.423528 0.232632 0.399623 0.297733 0.377597 0.288986
0 0.462184 0.777715 0.485793 0.768291 0.496023 0.796005 0.472414 0.805430
0 0.393950 0.853490 0.420324 0.845417 0.429536 0.877966 0.403161 0.886039
0 0.318737 0.869210 0.335581 0.869210 0.335581 0.888145 0.318737 0.888145
0 0.171263 0.851694 0.199030 0.851694 0.199030 0.939296 0.171263 0.939296
0 0.173083 0.698325 0.198115 0.698325 0.198115 0.784957 0.173083 0.784957
0 0.708875 0.261684 0.854190 0.261684 0.854190 0.282892 0.708875 0.282892
0 0.527521 0.692017 0.555654 0.692017 0.555654 0.720029 0.527521 0.720029
0 0.548803 0.659160 0.562736 0.644518 0.587656 0.670164 0.573723 0.684806
0 0.717292 0.464196 0.737603 0.464196 0.737603 0.535775 0.717292 0.535775
0 0.762745 0.473539 0.783696 0.473539 0.783696 0.534539 0.762745 0.534539
0 0.807036 0.466070 0.829780 0.466070 0.829780 0.537650 0.807036 0.537650
0 0.853120 0.472912 0.869881 0.472912 0.869881 0.532664 0.853120 0.532664
0 0.625087 0.657155 0.652013 0.657155 0.652013 0.748040 0.625087 0.748040
0 0.700906 0.185138 0.854620 0.185138 0.854620 0.206356 0.700906 0.206356
4 0.403312 0.929458 0.461711 0.929458 0.461711 0.960304 0.403312 0.960304
0 0.819570 0.871608 0.849241 0.871608 0.849241 0.895709 0.819570 0.895709
0 0.672370 0.658402 0.695114 0.658402 0.695114 0.748040 0.672370 0.748040
0 0.516148 0.472912 0.538893 0.472912 0.538893 0.534539 0.516148 0.534539
