0 0.747390 0.344484 0.845613 0.344484 0.845613 0.456046 0.747390 0.456046
0 0.863805 0.341138 0.938381 0.341138 0.938381 0.460501 0.863805 0.460501
0 0.640079 0.344494 0.725566 0.344494 0.725566 0.454966 0.640079 0.454966
0 0.066934 0.251128 0.203947 0.251128 0.203947 0.289094 0.066934 0.289094
0 0.066934 0.688708 0.210031 0.688708 0.210031 0.726683 0.066934 0.726683
0 0.059827 0.811331 0.198868 0.811331 0.198868 0.845564 0.059827 0.845564
0 0.389670 0.879180 0.465786 0.879180 0.465786 0.911543 0.389670 0.911543
0 0.441431 0.407367 0.492186 0.407367 0.492186 0.437859 0.441431 0.437859
0 0.641368 0.811331 0.773302 0.811331 0.773302 0.847435 0.641368 0.847435
0 0.631226 0.689335 0.775346 0.689335 0.775346 0.722941 0.631226 0.722941
4 0.349182 0.940395 0.495283 0.940395 0.495283 0.988187 0.349182 0.988187
