0 0.449831 0.152403 0.562453 0.152403 0.562453 0.200134 0.449831 0.200134
3 0.203587 0.003261 0.319205 0.003261 0.319205 0.101697 0.203587 0.101697
0 0.460338 0.262773 0.563942 0.262773 0.563942 0.317950 0.460338 0.317950
0 0.618003 0.380588 0.670558 0.380588 0.670558 0.428319 0.618003 0.428319
0 0.718613 0.382084 0.760643 0.382084 0.760643 0.435782 0.718613 0.435782
0 0.875363 0.625320 0.986090 0.663190 0.965432 0.722781 0.854705 0.684911
0 0.400330 0.663014 0.525440 0.614063 0.544696 0.662616 0.419585 0.711567
0 0.329536 0.591396 0.372591 0.619168 0.303898 0.724234 0.260844 0.696462
0 0.268471 0.458455 0.310797 0.487783 0.243340 0.583831 0.201014 0.554502
0 0.467276 0.409610 0.534056 0.472997 0.486243 0.522693 0.419464 0.459306
