0 0.000000 0.302233 0.139966 0.302233 0.139966 0.330191 0.000000 0.330191
0 0.836717 0.359113 0.931540 0.359113 0.931540 0.482156 0.836717 0.482156
0 0.719543 0.361040 0.806734 0.361040 0.806734 0.475773 0.719543 0.475773
0 0.596447 0.364895 0.690491 0.364895 0.690491 0.474809 0.596447 0.474809
0 0.375905 0.468063 0.439171 0.468063 0.439171 0.496021 0.375905 0.496021
0 0.001489 0.705239 0.119459 0.705239 0.119459 0.734160 0.001489 0.734160
0 0.603299 0.705239 0.750321 0.705239 0.750321 0.739943 0.603299 0.739943
0 0.605008 0.824790 0.746904 0.824790 0.746904 0.859494 0.605008 0.859494
0 0.329746 0.895172 0.387868 0.895172 0.387868 0.926985 0.329746 0.926985
0 0.000000 0.828645 0.133130 0.828645 0.133130 0.855639 0.000000 0.855639
4 0.297259 0.959771 0.430609 0.959771 0.430609 0.999294 0.297259 0.999294
