0 0.709870 0.361101 0.763074 0.361101 0.763074 0.407563 0.709870 0.407563
0 0.375444 0.536635 0.439278 0.536635 0.439278 0.605047 0.375444 0.605047
0 0.699241 0.670881 0.763074 0.670881 0.763074 0.779292 0.699241 0.779292
0 0.443107 0.656794 0.491357 0.688457 0.413467 0.774024 0.365217 0.742361
0 0.328280 0.433925 0.428944 0.365206 0.469998 0.408559 0.369334 0.477279
0 0.015705 0.487306 0.116370 0.418586 0.157424 0.461940 0.056760 0.530659
0 0.469685 0.075865 0.583704 0.075865 0.583704 0.124906 0.469685 0.124906
3 0.144444 0.012610 0.267500 0.012610 0.267500 0.104245 0.144444 0.104245
0 0.471204 0.263003 0.591296 0.263003 0.591296 0.313349 0.471204 0.313349
0 0.618667 0.363679 0.653630 0.363679 0.653630 0.404984 0.618667 0.404984
