0 0.591689 0.418080 0.633036 0.418080 0.633036 0.466052 0.591689 0.466052
0 0.491101 0.138080 0.606850 0.138080 0.606850 0.189401 0.491101 0.189401
0 0.458027 0.030983 0.584801 0.030983 0.584801 0.084531 0.458027 0.084531
0 0.699184 0.415853 0.737761 0.415853 0.737761 0.464931 0.699184 0.464931
0 0.847659 0.665296 0.970049 0.708788 0.941752 0.760971 0.819363 0.717479
0 0.348330 0.687863 0.475987 0.642929 0.499754 0.687176 0.372096 0.732110
0 0.254281 0.604482 0.306067 0.635502 0.220500 0.729113 0.168715 0.698092
0 0.196549 0.489254 0.239919 0.521765 0.142824 0.606645 0.099455 0.574134
0 0.409791 0.422550 0.509013 0.422550 0.509013 0.489478 0.409791 0.489478
3 0.091236 0.097715 0.211552 0.057172 0.285158 0.200319 0.164843 0.240862
