0 0.107092 0.470506 0.192936 0.369974 0.241695 0.399676 0.155851 0.500208
0 0.198090 0.679514 0.283934 0.578982 0.332693 0.608684 0.246849 0.709216
0 0.457034 0.388436 0.566379 0.443491 0.538132 0.483514 0.428787 0.428459
0 0.393275 0.659459 0.525223 0.609139 0.552870 0.660855 0.420921 0.711175
0 0.874665 0.668212 0.983369 0.739431 0.949053 0.776796 0.840349 0.705578
0 0.748963 0.376777 0.807299 0.376777 0.807299 0.436512 0.748963 0.436512
0 0.637573 0.387223 0.690607 0.387223 0.690607 0.435025 0.637573 0.435025
0 0.443072 0.266264 0.566849 0.266264 0.566849 0.326000 0.443072 0.326000
0 0.434247 0.157256 0.556243 0.157256 0.556243 0.215488 0.434247 0.215488
3 0.170783 0.031802 0.317554 0.031802 0.317554 0.136347 0.170783 0.136347
