0 0.602246 0.800031 0.741281 0.800031 0.741281 0.829559 0.602246 0.829559
0 0.358053 0.890051 0.423478 0.890051 0.423478 0.921744 0.358053 0.921744
4 0.339351 0.946944 0.460865 0.946944 0.460865 0.993764 0.339351 0.993764
0 0.048436 0.813713 0.192146 0.813713 0.192146 0.855487 0.048436 0.855487
0 0.604576 0.681918 0.740100 0.681918 0.740100 0.716482 0.604576 0.716482
0 0.046090 0.644472 0.189800 0.644472 0.189800 0.683354 0.046090 0.683354
0 0.039085 0.426246 0.176955 0.426246 0.176955 0.461538 0.039085 0.461538
0 0.439834 0.431292 0.471381 0.431292 0.471381 0.459374 0.439834 0.459374
0 0.619767 0.345590 0.705058 0.345590 0.705058 0.470903 0.619767 0.470903
0 0.737770 0.349190 0.813710 0.349190 0.813710 0.465856 0.737770 0.465856
0 0.852263 0.348472 0.929384 0.348472 0.929384 0.466574 0.852263 0.466574
